0.000000000000000000e+00
0.000000000000000000e+00
0.000000000000000000e+00
0.000000000000000000e+00
0.000000000000000000e+00
3.011989775117334807e-06
1.134638370822274139e-06
1.227653841663871199e-07
7.151698676353722154e-06
3.031936707563349242e-05
1.633767282223524714e-04
4.285743159714645758e-04
1.004943690939445310e-03
2.258900478516251680e-03
4.153045498478728087e-03
7.092856481328579238e-03
1.186175764701663873e-02
1.759302909709009599e-02
2.444313695980388640e-02
3.179278765123912109e-02
3.971391057658979484e-02
4.601768676243302852e-02
5.426316372495064433e-02
6.051877934971318374e-02
6.629406247372417182e-02
7.072872854950644494e-02
7.206250857987470115e-02
7.143773230353357706e-02
6.739859373462203651e-02
6.248966283224628021e-02
5.750112067802728988e-02
4.943417653995224592e-02
4.269344098065538246e-02
3.446016586489045880e-02
2.689925943210210585e-02
2.093696644229824100e-02
1.565159649536470091e-02
1.148187434170453054e-02
8.358121947747841618e-03
6.424914767436118446e-03
4.539014556828591118e-03
3.144739251955876429e-03
2.276899765070815058e-03
1.233062254993652759e-03
6.919583907769964867e-04
3.313453450287759828e-04
4.095834710188189310e-04
3.050031714203718550e-04
2.576407318996573148e-04
1.141338012822382738e-04
2.963559894060016717e-04
2.481769393622812827e-04
1.417433960543723777e-04
8.096420021255720551e-05
1.274970438469068073e-04
7.064713675091770814e-05
3.033583609400614608e-05
6.725756799530921664e-05
2.028717145267407021e-05
2.653655227982529847e-06
7.301183228938926081e-06
1.908809613380650972e-06
2.264507967904231365e-07
4.436291889974982673e-07
6.561114919621135953e-08
1.256962100204085807e-07
1.355787237993197669e-08
0.000000000000000000e+00
0.000000000000000000e+00
0.000000000000000000e+00
0.000000000000000000e+00
0.000000000000000000e+00
0.000000000000000000e+00
0.000000000000000000e+00
0.000000000000000000e+00
0.000000000000000000e+00
0.000000000000000000e+00
0.000000000000000000e+00
0.000000000000000000e+00
0.000000000000000000e+00
0.000000000000000000e+00
0.000000000000000000e+00
0.000000000000000000e+00
0.000000000000000000e+00
0.000000000000000000e+00
0.000000000000000000e+00
0.000000000000000000e+00
0.000000000000000000e+00
0.000000000000000000e+00
0.000000000000000000e+00
0.000000000000000000e+00
0.000000000000000000e+00
0.000000000000000000e+00
0.000000000000000000e+00
0.000000000000000000e+00
0.000000000000000000e+00
0.000000000000000000e+00
0.000000000000000000e+00
0.000000000000000000e+00
